UID:1021b68e-e55b-4d83-819d-18a7d888881c
24	3	2	6	2	3
15	16	45	18	2	1
8	4	-8	6	-3	48
0	1	2	63	12	48
40	12	42	2	8	21
9	18	12	4	21	72
15	1	18	8	2	24
8	5	18	48	45	42
18	14	-1	10	20	12
28	12	18	18	9	6
2126631843
9076139280
1438391300
4134530076
646719656
1 21 1 8 6
15 2 2 7 24
15 15 24 15 3
1 1 1 4 2
1 4 1 1 35
1 2 3 5 8
15 1 15 7 70
1 1 10 56 1

UID:edc23411-83da-433c-b0b0-fcfd5ac6619b
-2	27	6	6	11	12
4	20	25	1	9	9
28	8	9	12	16	20
4	2	4	4	32	36
3	45	-1	8	20	5
0	36	9	9	24	20
21	10	9	0	1	7
36	63	6	24	-1	8
2	4	15	0	6	15
8	7	16	8	4	8
1136121258
5044554783
381487020
4875021115
184905552
6 5 10 5 28
20 3 1 1 1
2 2 56 2 1
1 15 1 1 7
56 2 15 20 2
21 2 2 10 1
5 8 6 1 2
2 7 3 1 24

UID:0a7da760-803b-4841-b7c8-98f6f6ed60b4
64	35	0	10	64	54
63	-1	10	10	3	20
2	4	9	27	-3	10
35	48	7	4	40	72
12	2	6	24	16	6
0	12	-3	42	11	4
36	4	0	16	-6	18
8	0	-1	8	6	8
32	54	15	8	9	1
1	8	2	72	6	2
1307214340
5073502512
2831575810
4742843760
4054901727
21 1 28 1 1
56 56 2 1 28
1 2 1 3 1
24 5 1 2 1
1 70 21 15 1
10 1 21 2 5
1 20 1 2 10
8 5 6 21 3

UID:c36548c0-35b6-43f5-bbb7-f986cfd2a613
-3	1	9	40	8	1
6	-1	14	2	24	9
9	24	10	5	18	14
21	11	3	2	-1	8
35	12	28	3	4	45
2	4	3	6	72	9
24	13	32	-1	14	3
49	9	30	2	-1	16
72	11	1	35	3	28
6	56	2	48	8	48
3506974302
5868161508
4953591132
4959529080
632072544
1 4 3 2 21
21 6 2 1 4
6 10 1 15 1
3 1 2 1 2
1 6 2 8 35
3 4 5 15 12
8 24 3 1 1
1 2 1 4 7

UID:0a426502-54b0-47ba-bc42-881751f2e287
8	10	7	64	2	35
14	14	6	9	6	9
2	-2	16	63	2	24
63	2	8	8	18	20
49	6	72	4	2	13
32	63	3	2	4	4
40	4	12	-3	63	6
8	10	18	6	12	32
49	6	12	36	54	36
6	49	16	13	6	2
1222777336
2759408470
2849153958
1661211192
2701325200
7 1 1 1 24
56 3 24 3 1
20 6 6 3 1
1 5 1 1 1
6 1 4 1 21
1 1 5 20 4
2 1 10 24 3
1 3 1 1 1

UID:eba06bae-1d21-489e-a7af-3d60c267d3f7
24	16	18	4	-3	8
6	6	7	3	1	15
42	12	24	-5	10	8
12	8	0	6	3	9
15	4	6	-2	18	2
24	0	56	10	54	49
2	3	18	9	4	16
6	6	30	10	3	10
10	4	45	6	12	35
3	56	12	8	64	45
1646513158
2633485222
4069035254
1139647360
6646752501
1 1 15 12 1
10 10 35 6 1
1 1 12 28 6
1 5 1 1 21
21 1 20 10 4
4 6 1 15 1
2 20 6 6 1
10 56 24 2 6

